50 14 1 5 
0 0 6 
0 1 31 
1 0 19 
1 1 4 
2 0 1 
2 1 13 
3 0 5 
3 1 38 
4 0 9 
4 1 12 
5 0 13 
5 1 37 
6 0 47 
6 1 11 
7 0 19 
7 1 36 
8 0 30 
8 1 47 
9 0 4 
9 1 23 
10 0 3 
10 1 20 
11 0 33 
11 1 17 
12 0 41 
12 1 0 
13 0 29 
13 1 35 
14 0 27 
14 1 6 
15 0 5 
15 1 41 
16 0 15 
16 1 34 
17 0 22 
17 1 17 
18 0 46 
18 1 19 
19 0 28 
19 1 21 
20 0 47 
20 1 7 
21 0 43 
21 1 3 
22 0 6 
22 1 43 
23 0 33 
23 1 8 
24 0 45 
24 1 42 
25 0 11 
25 1 26 
26 0 1 
26 1 15 
27 0 2 
27 1 39 
28 0 18 
28 1 27 
29 0 27 
29 1 21 
30 0 10 
30 1 8 
31 0 23 
31 1 48 
32 0 37 
32 1 1 
33 0 38 
33 1 15 
34 0 16 
34 1 30 
35 0 45 
35 1 41 
36 0 30 
36 1 15 
37 0 31 
37 1 43 
38 0 9 
38 1 33 
39 0 7 
39 1 18 
40 0 48 
40 1 40 
41 0 30 
41 1 33 
42 0 5 
42 1 22 
43 0 3 
43 1 48 
44 0 45 
44 1 24 
45 0 27 
45 1 5 
46 0 29 
46 1 43 
47 0 6 
47 1 41 
48 0 7 
48 1 23 
49 0 37 
49 1 43 
MAGICAL FORM:
50
7 20 2 6 10 14 48 20 31 5 4 34 42 30 28 6 16 23 47 29 48 44 7 34 46 12 2 3 19 28 11 24 38 39 17 46 31 32 10 8 49 31 6 4 46 28 30 7 8 38 
32 5 14 39 13 38 12 37 48 24 21 18 1 36 7 42 35 18 20 22 8 4 44 9 43 27 16 40 28 22 9 49 2 16 31 42 16 44 34 19 41 34 23 49 25 6 44 42 24 44 
